    4.0000   18.8500    3.4500   18.8500
    3.4500   18.8500    3.4500   15.0000
    3.4500   15.0000    4.0000   15.0000
    4.0000   15.0000    4.0000   15.4000
    4.0000   15.4000    4.5000   15.4000
    4.5000   15.4000    4.5000   15.2500
    4.5000   15.2500    5.6500   15.2500
    5.6500   15.2500    5.6500   15.8500
    5.6500   15.8500    5.8500   15.8500
    5.8500   15.8500    5.8500   13.6000
    5.8500   13.6000    8.5000   13.6000
    8.5000   13.6000    8.5000   16.8500
    8.5000   16.8500    6.8500   16.8500
    6.8500   16.8500    6.8500   17.1000
    6.8500   17.1000    8.6000   17.1000
    8.6000   17.1000    8.6000   17.2500
    8.6000   17.2500    8.7500   17.2500
    8.7500   17.2500    8.7500   12.3500
    8.7500   12.3500    8.6000   12.3500
    8.6000   12.3500    8.6000   12.4500
    8.6000   12.4500    8.2500   12.4500
    8.2500   12.4500    8.2500   12.9500
    8.2500   12.9500    6.4000   12.9500
    6.4000   12.9500    6.4000   13.3000
    6.4000   13.3000    4.0500   13.3000
    4.0500   13.3000    4.0500   14.9000
    4.0500   14.9000    3.4500   14.9000
    3.4500   14.9000    3.4500   11.0500
    3.4500   11.0500    8.6000   11.0500
    8.6000   11.0500    8.6000   11.5000
    8.6000   11.5000    8.7500   11.5000
    8.7500   11.5000    8.7500   10.6500
    8.7500   10.6500    8.6000   10.6500
    8.6000   10.6500    8.6000   10.9500
    8.6000   10.9500    3.4500   10.9500
    3.4500   10.9500    3.4500    7.0500
    3.4500    7.0500    4.0500    7.0500
    4.0500    7.0500    4.0500    6.4000
    4.0500    6.4000    8.6000    6.4000
    8.6000    6.4000    8.6000    9.8000
    8.6000    9.8000    8.7500    9.8000
    8.7500    9.8000    8.7500    9.5000
    8.7500    9.5000   10.8000    9.5000
   10.8000    9.5000   10.8000    7.8500
   10.8000    7.8500    8.7500    7.8500
    8.7500    7.8500    8.7500    6.5000
    8.7500    6.5000   10.6500    6.5000
   10.6500    6.5000   10.6500    6.8500
   10.6500    6.8500   10.8000    6.8500
   10.8000    6.8500   10.8000    6.5000
   10.8000    6.5000   12.6000    6.5000
   12.6000    6.5000   12.6000    8.1000
   12.6000    8.1000   12.7000    8.1000
   12.7000    8.1000   12.7000    6.7000
   12.7000    6.7000   14.1000    6.7000
   14.1000    6.7000   14.1000    9.3500
   14.1000    9.3500   12.7000    9.3500
   12.7000    9.3500   12.7000    8.9500
   12.7000    8.9500   12.6000    8.9500
   12.6000    8.9500   12.6000    9.3500
   12.6000    9.3500   11.8000    9.3500
   11.8000    9.3500   11.8000    9.5000
   11.8000    9.5000   14.1000    9.5000
   14.1000    9.5000   14.1000    9.5500
   14.1000    9.5500   16.9000    9.5500
   16.9000    9.5500   16.9000    9.4500
   16.9000    9.4500   15.4500    9.4500
   15.4500    9.4500   15.4500    6.8000
   15.4500    6.8000   14.2500    6.8000
   14.2500    6.8000   14.2500    4.5000
   14.2500    4.5000   19.3500    4.5000
   19.3500    4.5000   19.3500    9.4500
   19.3500    9.4500   17.7000    9.4500
   17.7000    9.4500   17.7000    9.5500
   17.7000    9.5500   21.3000    9.5500
   21.3000    9.5500   21.3000    9.4500
   21.3000    9.4500   19.4500    9.4500
   19.4500    9.4500   19.4500    4.5000
   19.4500    4.5000   23.8000    4.5000
   23.8000    4.5000   23.8000    9.4500
   23.8000    9.4500   22.1500    9.4500
   22.1500    9.4500   22.1500    9.5500
   22.1500    9.5500   23.9500    9.5500
   23.9500    9.5500   23.9500    6.0500
   23.9500    6.0500   24.3000    6.0500
   24.3000    6.0500   24.3000    5.2500
   24.3000    5.2500   24.7500    5.2500
   24.7500    5.2500   24.7500    5.1000
   24.7500    5.1000   24.6000    5.1000
   24.6000    5.1000   24.6000    4.3500
   24.6000    4.3500   24.0000    4.3500
   24.0000    4.3500   24.0000    0.1500
   24.0000    0.1500   29.3500    0.1500
   29.3500    0.1500   29.3500    4.3500
   29.3500    4.3500   26.3000    4.3500
   26.3000    4.3500   26.3000    5.1000
   26.3000    5.1000   26.1000    5.1000
   26.1000    5.1000   26.1000    5.2500
   26.1000    5.2500   26.6000    5.2500
   26.6000    5.2500   26.6000    9.5500
   26.6000    9.5500   27.7500    9.5500
   27.7500    9.5500   27.7500    9.4500
   27.7500    9.4500   26.7000    9.4500
   26.7000    9.4500   26.7000    4.9500
   26.7000    4.9500   30.0500    4.9500
   30.0500    4.9500   30.0500    4.6500
   30.0500    4.6500   33.8000    4.6500
   33.8000    4.6500   33.8000    4.5000
   33.8000    4.5000   30.0500    4.5000
   30.0500    4.5000   30.0500    3.1500
   30.0500    3.1500   34.8000    3.1500
   34.8000    3.1500   34.8000    3.8500
   34.8000    3.8500   35.5000    3.8500
   35.5000    3.8500   35.5000    4.5000
   35.5000    4.5000   34.6000    4.5000
   34.6000    4.5000   34.6000    4.6500
   34.6000    4.6500   35.5000    4.6500
   35.5000    4.6500   35.5000   11.2500
   35.5000   11.2500   34.3500   11.2500
   34.3500   11.2500   34.3500    9.9500
   34.3500    9.9500   32.9000    9.9500
   32.9000    9.9500   32.9000   11.2500
   32.9000   11.2500   29.8000   11.2500
   29.8000   11.2500   29.8000    9.4500
   29.8000    9.4500   28.5500    9.4500
   28.5500    9.4500   28.5500    9.5500
   28.5500    9.5500   29.6500    9.5500
   29.6500    9.5500   29.6500   12.5000
   29.6500   12.5000   29.8000   12.5000
   29.8000   12.5000   29.8000   11.3500
   29.8000   11.3500   35.5000   11.3500
   35.5000   11.3500   35.5000   14.3500
   35.5000   14.3500   34.8000   14.3500
   34.8000   14.3500   34.8000   14.4000
   34.8000   14.4000   29.8000   14.4000
   29.8000   14.4000   29.8000   13.3000
   29.8000   13.3000   29.6500   13.3000
   29.6500   13.3000   29.6500   13.5500
   29.6500   13.5500   29.5000   13.5500
   29.5000   13.5500   29.5000   13.6500
   29.5000   13.6500   29.6500   13.6500
   28.7000   13.5500   28.2000   13.5500
   28.2000   13.5500   28.2000   11.2500
   28.2000   11.2500   25.7500   11.2500
   25.7500   11.2500   25.7500   11.3500
   25.7500   11.3500   28.1000   11.3500
   28.1000   11.3500   28.1000   15.3500
   28.1000   15.3500   28.2000   15.3500
   28.2000   15.3500   28.2000   13.6500
   28.2000   13.6500   28.7000   13.6500
   28.7000   13.6500   28.7000   13.5500
   29.6500   13.6500   29.6500   15.2500
   29.6500   15.2500   29.8000   15.2500
   29.8000   15.2500   29.8000   14.5500
   29.8000   14.5500   34.8000   14.5500
   34.8000   14.5500   34.8000   18.8500
   34.8000   18.8500   33.8500   18.8500
   33.8500   18.8500   33.8500   19.4500
   33.8500   19.4500   29.8000   19.4500
   29.8000   19.4500   29.8000   18.9000
   29.8000   18.9000   30.7500   18.9000
   30.7500   18.9000   30.7500   18.2500
   30.7500   18.2500   29.8000   18.2500
   29.8000   18.2500   29.8000   16.1000
   29.8000   16.1000   29.6500   16.1000
   29.6500   16.1000   29.6500   19.4500
   29.6500   19.4500   24.6000   19.4500
   24.6000   19.4500   24.6000   16.8000
   24.6000   16.8000   24.5000   16.8000
   24.5000   15.9000   24.6000   15.9000
   24.6000   15.9000   24.6000   11.3500
   24.6000   11.3500   24.9000   11.3500
   24.9000   11.3500   24.9000   11.2500
   24.9000   11.2500   24.2500   11.2500
   24.2500   11.2500   24.2500   11.3500
   24.2500   11.3500   24.5000   11.3500
   24.5000   11.3500   24.5000   15.9000
   24.5000   16.8000   24.5000   19.4500
   24.5000   19.4500   19.5000   19.4500
   19.5000   19.4500   19.5000   15.5000
   19.5000   15.5000   19.8000   15.5000
   19.8000   15.5000   19.8000   15.3500
   20.6000   15.3500   20.6000   15.5000
   20.6000   15.5000   21.4000   15.5000
   21.4000   15.5000   21.4000   15.3500
   21.4000   15.3500   21.0500   15.3500
   21.0500   15.3500   21.0500   11.3500
   21.0500   11.3500   23.4000   11.3500
   23.4000   11.3500   23.4000   11.2500
   23.4000   11.2500   20.9500   11.2500
   20.9500   11.2500   20.9500   15.3500
   20.9500   15.3500   20.6000   15.3500
   19.8000   15.3500   19.1000   15.3500
   18.2500   15.3500   18.1000   15.3500
   18.1000   15.3500   18.1000   13.9000
   18.1000   13.9000   19.4500   13.9000
   19.4500   13.9000   19.4500   11.2500
   19.4500   11.2500   17.3000   11.2500
   17.3000   11.2500   17.3000   11.3500
   17.3000   11.3500   19.3500   11.3500
   19.3500   11.3500   19.3500   13.7500
   19.3500   13.7500   17.9500   13.7500
   17.9500   13.7500   17.9500   15.5000
   17.9500   15.5000   18.2500   15.5000
   18.2500   15.5000   18.2500   15.3500
   19.1000   15.3500   19.1000   15.5000
   19.1000   15.5000   19.3500   15.5000
   19.3500   15.5000   19.3500   19.4500
   19.3500   19.4500   14.3500   19.4500
   14.3500   19.4500   14.3500   11.3500
   14.3500   11.3500   16.4500   11.3500
   16.4500   11.3500   16.4500   11.2500
   16.4500   11.2500   12.8500   11.2500
   12.8500   11.2500   12.8500   11.3500
   12.8500   11.3500   14.2000   11.3500
   14.2000   11.3500   14.2000   19.4500
   14.2000   19.4500   10.8500   19.4500
   10.8500   19.4500   10.8500   11.3500
   10.8500   11.3500   12.0000   11.3500
   12.0000   11.3500   12.0000   11.2500
   12.0000   11.2500   10.7000   11.2500
   10.7000   11.2500   10.7000   19.4500
   10.7000   19.4500    9.2000   19.4500
    9.2000   19.4500    9.2000   18.8500
    9.2000   18.8500    8.7500   18.8500
    8.7500   18.8500    8.7500   18.5500
    8.7500   18.5500    8.6000   18.5500
    8.6000   18.5500    8.6000   19.1000
    8.6000   19.1000    9.0000   19.0500
    9.0000   19.0500    9.0000   19.4500
    9.0000   19.4500    4.0000   19.4500
    4.0000   19.4500    4.0000   18.8500
   26.1000    3.2500   26.1000    1.2500
   26.1000    1.2500   28.2000    1.2500
   28.2000    1.2500   28.2000    3.2500
   28.2000    3.2500   26.1000    3.2500
    6.9000   15.8000    6.9000   14.6000
    6.9000   14.6000    7.4500   14.6000
    7.4500   14.6000    7.4500   15.8000
    7.4500   15.8000    6.9000   15.8000
